-0.1 -76.06147707462267
-0.09000000000000001 -76.06601490936882
-0.08000000000000002 -76.07106162878553
-0.07000000000000002 -76.07318048979609
-0.060000000000000026 -76.08013388970996
-0.05000000000000003 -76.08290028293085
-0.040000000000000036 -76.08585620941963
-0.03000000000000004 -76.08542008208414
-0.020000000000000046 -76.08774045236417
-0.01000000000000005 -76.08800537948632
-5.551115123125783e-17 -76.08856229895709
0.00999999999999994 -76.09193623558556
0.019999999999999934 -76.09024653829108
0.029999999999999943 -76.09101356423785
0.039999999999999925 -76.08834312433741
0.049999999999999906 -76.08872375805478
0.059999999999999915 -76.08724678927311
0.06999999999999992 -76.08569564524701
0.0799999999999999 -76.08371907628617
0.08999999999999989 -76.08142535171095
