-0.1 -76.03269232258246
-0.09000000000000001 -76.0382228923731
-0.08000000000000002 -76.04280080577327
-0.07000000000000002 -76.04654119071982
-0.060000000000000026 -76.04953084349145
-0.05000000000000003 -76.05713047625346
-0.040000000000000036 -76.0591733755339
-0.03000000000000004 -76.06064600794681
-0.020000000000000046 -76.06159388729846
-0.01000000000000005 -76.06205796996244
-5.551115123125783e-17 -76.06207547688301
0.00999999999999994 -76.06168047707985
0.019999999999999934 -76.06090431964934
0.029999999999999943 -76.05977596519226
0.039999999999999925 -76.05832224789175
0.049999999999999906 -76.05656808819636
0.059999999999999915 -76.05453666929883
0.06999999999999992 -76.05224958641939
0.0799999999999999 -76.04972697521524
0.08999999999999989 -76.04698762388085
